011011110110000001011111001100001010010111000000111111001111010110010011100110010011100101011010001110010000101000000101110010011010011011111100110010100110110001101100111101011100000010101010011010101011111100100111010010110101111110000110011111100111100110000000110001100001001001101100101000010101100110011000110101011110101111100111100001101100101000000000011
01011111101010100101110011001010101011001010010110101100010111000011001111001010010111000011000000001111000011000011011011001100111100110101100110010101100100101100000111101101010011001101001101011111001101000110000110011000000011001011111010110100011110010011111011010010110110010100000000001100101010100110110
10011010101000111010101000110011000011111001001100110101011110011000110110011111100111100000000010110100110100101101001001111111001010101010101010100111010110001101010101011001100110011000110001110010000011011000101001111110101
11111100111111001100111101010110111101011100010111000011101001011001111000010100000110010100101000011001100111110011010010100110000010111110101110011110011110011110101000001101001110001011100000000001111010110010000011000000101001101011100010110101100010101010110
1010100101010101100101010101001111000000001111001111111101010011110011111100000001010101100110010011100110101001100111110010101100111111111111110010101011001010000101001100000110000001010111101100110001111110110111101101100011001101100100100000011001110100011010111001100101011001001101011000011
0101011000111100010101011100101001100110110001100101000001011100000011001100010110011100101010011010001101011111101001111111001101011000011110011001010010100110011000010100110001101010011011010101100010100000101001111001111000000001001110000000101101000000110011000000110000010101111101011000000
0110100101100000110001011100011001101010011000001101100001111111010111101100011001100110000010111111010011001010101110011001010001110010000101000000000100100110011001111001100101010101010000001101010011011110000
11110101110011110011101010010011010111001111001101100110011001100000101000000101000001011100000001011001111100000110100101001101111001100000101001101011100001101011001110010011001000011001010000011110101010101010000101001100101010111000110010101010101011010011001000000110101
00001100111101101100110000110101001100111010001100110101001110011111101010101111000011001001010100000000110010101010101101011000011010101011001011001100011001110010000011001010011011010010011010110010011011001011010000001010101000011001100111100001100001101010011110001011100
0011001111000000111100001001000011000000100111001010101010010110110011110101110000110011100100001100001101101100101001010000001110101100011001101010001110011001011011000000011111101101010011001101111111100110000010111111100010101011010001101011010011011110101001101101010101001010011111111110101001111110011110001010110000001101100100111000011001111110000
11000101100100000011100110010101100100110110001111001101111110001011010111100001001101011111100101001010011010101011100000011000101000010011100100110100110000010100101010101100101011000111111110000000000110000001100000011001111
1111011001010000101010011100110010100110111100111111100101010101111111111010100111001100010111000000100111111111101001011100111100000000101011000000110011001101100101011000000111110010011010100111111010100110110000010010011001111111001100100111001010110100011001110100000011000110110100100110000010110011111101001011100001101100101
10100011001100110000001111000011100100001111101010101010010110100011110000001111110011001001001111001100101000001111101001100101111100111111110010100011111100111001111111101010101000001011100010110100000010111110011011010100101100111001111101010010011101000001010001101101100111111110101101010011111011011110101010110100101
01010110001111000110000001011111110001100011000001100101100100001111001111110101010111000000100001100110000100111000011110011110110001111000110001110100101111100001010001110100011000000110011001110010110110011001001110000110011001101100110101011000011100101010110110000000011011000111111
110000000000110001100000111100110110110000110011010111110011001111000110010111000101010100110011010100111001010101100011110011111001001110100110011011000011011111101010011010111111111111110101111110001011100101000000011010110101010010110010110010110010000111110010101010111000101110011001100100110100110111101100110101011110000
01100110110001011010110011111100100101011111011011110110010101011001100110101001000001101001110011000011111100110100101111111111010010100111100101000001010010100000011011001100000011010101010111111000011011010010011010101100000000001010110010100000101110000000101110001101100001111000101111110101111
000010101010010100000011110001010110111101011111011000000000011010100101001101011100010101010101010110101111110010010110001110100000000000000000011010111001100111100111010100101101111000010011111100101010000110011001001101011000101010101010011110011001100100100001111001111110011011000001001111111110011
111100111001110001011100010101010101111101001011100110001011010001111001100011010101001001110100000001110101100101011000000101001011010100101011111111111000000011011000000111110010011100111000000011011000011
00000000110001101010010101100011101000001100001110100000000000001010010100110000100101100011000011001010011101000111010110001101010111110101100111110011111101011110011100110101010110001101100100111001100110010011010010101010011110001011100100101100011011000000110011000111100011001100110
0011100110011010011000111001100100111001001101100011011001010101100100001100110000000011011001100110101010100110001110101100001001111110101011010010101101011000000111100001001110010011001110010010011011000111010010101101001001100111100000011110011000011000101000000111111001101011001000000000101
10101010101011000110110011001100111110101111011001101010011001111001100001100000101101010101010010111000011010111000110100111001100010101100011011011111111100101101100010101010000101010011100111101011010111100111100000010100110
1100111110010011001110100101011010011111001111000110001101011001000010011111011011000101101010100101101011110110011011010010011110011000011110010100011110010011111100110011111000010100011001110010011101011110101101010010101010101010000011011001111111111000110100110010110
10011100111101011111111110010101110011001010001100111010110001010101010100111111100101010000000011000110011011001010110001110011111100111001100111100001111011000001111011000000101100111000110101000000000001111110000110001100011101000110110001110100110011000111010001101101100001101100110
0000111110100011001101101001011011111010001111001100001110011001010101101111011010011010011011110101110000000000010100000000111111001111110001100011110011111111011001100011101000110101100111101010011011000111010010100110101010111111111001111111111111101011111110001011111000011001001001100111100101011001100000001011001101011001100101011000101010101010101001100000011
00110110000001010101000010100011101010010011100111000101001101011001110011000011011001010000100101100110001111110101111101011001010110100000010110010000011000110011000001000110110010101101010110011000110100110011010011010010011011001010011110011000110100100001100001100000011001110101100011001011100010100001111000011111010101011111010
001100111001010101010101001110100011000011111010100101011100001110100011100111110011010100111001111100110101001101011100001111001100100100011001100111101010011011000110000110001010000100111001111010100110000001110010101100111111001001110011001011000111010110010010110111110100101101001011010001101011001100101101100
001111110110110010011100101010101010000000000000111101010101001101011100110010100000110000000000011000110011001111001001111100110101101011111010000011001010101010100001001011001100011110010101010111101100000110011000110101000111100011000001100100111111100000001101100100100111010010100000011010110101100110001101010110001100011
01010101000010010000101011110101101000111111111110100000000010011010100111110000010111000110001111000101100111001010000010000000110001100110101110011000101001111111010111100001100110000000011010100000011111111000011001110100011101000000110001111000110000000110101110000001010001111110011100101011100001111001111
11110000101010101010100100000110110000111100101000110101000001101001001111110011111110011100100111111100100101010101011111111001100111111111100110010101100110010101010111111110110001100000011100111001010011010100000011000110110101001011010110010011100010100110101010111001001011010100101111100001100
01011100010100110101000011001001001101101001110000011000110111110100101101010010011101000111010011011111111010110010110010101101100011011111100001111001100111110100101110010101001111101011001010101101001110001011100111100111111110010101100
10010011010111111001110010101100101000111100100100111100111101101111000010101100010110101100101011000011001110101010001110010101110010010110001110011100100111110010101101010100101001100000101010101010000010111001100011001101001111110101111011011000101101001100110000000110011010100110000100110010110011011110011110011000110
01010011101001010011000011110011001100111100010111000011001111111111011011000110100111111101100010111110011010100001100011001100101100100000011000011000000110010101100101010101100101010100000000001100011000011001100001111001010100111000000101011001010
11001010001100111111111101011100000011001011100010110100101101011110110001110011100010110010000100100111010011000110011110010011100001110100000100100001010010101010101001111110101000000001111110010100011
0011101011001111111111001010101001101001100100001100110001100101110010101010000001100000101001110100000001111111111110001100101100100111111011011001010011011001001101001011001000011001001011010010101110001010011110011110011101010010011000000001100010100110101
0011000011000110111100110101000011111100010110011010101001010000010110100000100100001010101011000000101001011100010101011110110100100001100000010010000101001010101011010100110111100000110100111001010111100000000011000111001001110011111110010010000000011001100001110010011001111000101
1111101011111100000000111010111110101111011001010110101010101111011000110000100111000110110000011110011001101011111101001011111000011000000110001010011001101011100111111000000101011000000001111001001100110010000111111000011001111110101000000111010
11000000001111000101111101100011101000111111010101101001111111110011011001010110001101011100100101101111111111110110001100110101011000000101111100001100101110000001010111111000011001111111010110010100011101001101100011011000110101010010101001110101001001111111100101001010011011011111100011011111111101011000101
1010000001010011100100110101010101011001010110011010010100111111010100111010111111110101010110100101100100101011100111110100110110011110000011010011010010101100000010111001111001100111111111110010110001100111010111100110110101001011100001100000101100110101010001100000011101001100000
1100010110010011100100001100000011111010001110101111000010010101101011110000101010011100011001010011110010011100001100110011011000110011110000000000011111111111100110001011111110011111010001101010101001111111100110000000000011011111111111110010101110011000110100111111001000000110011110010100101011001100011001100001001
0101110001101010000000001010111110101111101000000110111111001010000011000000101011001100110011000101111101100101101001010011000000001100110011110110001111111001111101011111000000001111010110010101001100111110011111111000011000000000101000011001100001101101001101011111111001100110110110010011010010111111100011011000011110000110000001100000000001110100011101001100110110010011100
000001010110001110011111001111000011111100000110001111000011001110011010000000000101110011001110000101001010011110001011001111100000000111101100011011011001111101010010101110001101001101001011010101010011001011001011111110000110000000001011100111100110011111100000011101000110011
1100001101101100001101011111111111001100110011111111110000111111001111110100011001100000110101010010101110010100011001100001100010100001100011010101100001100111111001101010000011000111100001111110011000000001010010111111001100100111100
01100011110010100011011000001001000011000101000001011100101000110101101010010110001100110000110010100110101000001010001101101100011001100000011100100110011110001010101010111111010110000110101110011111100101010101111101010011001001101100000000001101001001100111111001110010011101011001100010110100101
1100100111111010111110100110001100110101001101010011100101011000000110000001001001101010011010101010011111100000000110010100110011000111100110000111001100101010000010101011010001101011010010100110110011001010101
111100110101000011001001011011000110110010011100001100111111110010100101000001011100011001101010101000110101001100110101011000001010010111001001110011001100010111000110000000000110011110001010011110010010101000001010110010111110000111100000000111100110101001110100000110000110011101011000011011011000000101011001010111111001111101011111111111101010011011011001111
111110011010110011111100011011111100100110101111011100101011001011010011010101000111111110011000011001101100110110000001111001101101111110011001001001101011001101010010011100111001100111110011010111101100000
110001010110100101011010111100000101111101100011100000011001010111100001010001110101001101000110011000000001111011000001111001111110000001100001010101000001001010100000101001100111111011010101010101010010011111100110000100101101100
01100000000010010011001101011111011011000011111110011100100111110100101111111001100010111110110110000111001001111001111000000111100001110011001001100111100011000111111011000110110011010101100101010010000111110010000010101100110111101011001110001011010
01100011110000110000000011111001010101010110001111111100001100001100001110100000010110100101100101101001111110011110101111111110011110001101100000011000101000000111111010111111111101011000011111100110011111111000101101000000000110001101010010101010011101011110101
0011001100111010000001101010011010100110110000000110001101100110011000110011000010010011110010011100000001101010101000110000101011110110110001100110011110000000011010101100101110011001001100101011100001100110101110000001010101001010011010101100101100110101010000011111010000010101111000011001010110011000110010110101010111110011001
11110011000011110101001100001100001100000101000011110011011000000011111100110000100101100000010101010000110000110010011011001101100001111111100111110100101000011110000011011001010100100000101110001010101010111001011111001100001111110001101001110010011001000010101111100110101100101000110110
11001100111111000101101000110101110000111100001101100000001110100011000001100101000001101111011001010000001101011001111010111001111101011110101010111001010111100110011011011000011101001010101010111000101110001011100100111111111110010010010011000000001100000010011010110011001100111111001100101001010000100100111100
1111101000110101100111001100001100110110001111000011101001101010101001100000000111100000101010110100101110010010101110010011010010110101001110001011111101011000110101111110010000010111001111101000001100010111001111101010011010000010010000100110010000
0110111110011001101000000011110000000101110001110011001001111110101010111000000000001101111001111001111000001011100101010100011110010100011001111111001010100110101001101001101001000011001100111100001010000000000101011000111111000010101111111110011111
11000011101000111100110001101001111110010101000000000110111110010000101001001011001001100001111110001010000000010100110101010011001010101100101110000111100001111000011001100111100110010010000000010101001110000001111111110011010000110000111111001111001001001100001010001110100110111101011010111111110101110010100000001100110110111100000011
10100011111100110101110011111001110011111100001111110011101000111111111110100101001001111000011101001010000000011110110101001011100111110010110111100000101110011111010110000011111111001110101100001110101100111110101100000011111100111101010011001110100011101001101100
1100000011000000001110100011011010010011111100111010101000110110011001011100101010101111011011001111101010001101100001110100101011000000011100101011100101010100000110011110110100110101010100111000101110001100011001110101100001110010000111110100100101110001010000110011111010001111110011101001100011111110010011010100110101010110010000000000001001
11000011001101100000011011001100100111111100011010100000000011000111111111111000011110000000011001111110011011001101010101011000101010100110000101001100011110010101100001111110110010111111100101000001110000011000000110101011000110011001101010000000110011101000000110010101100110010101011111
01011001001100111010101010011010000000110011000000000000000111101010000101011001100000011001001110011000101101010100000010110010011101001011100001100111100101000001010111110100000001111110100000001100111010001110100000101000111010000001010110111111001100101001101010
1111111111001010001100110110101001010000101011000000001100111100010110101011001111100111100111110100011110000110011011011001001111110101100100100000000111101100011111110101111001100111001110010010110000000111010101000000110011010100000000010101010110000001011100010111001111100100110011001111001010
110001011111001110100011010110101001000011000011110010100000111111000001100101001100110101001100000101011001001110001101001010100110101010110010110101001010110011000111010010111111100101010101111101001100101110000110111111010101011111110011110000111111000101101001011001111101010000110010010000000000110000010111110011
1010101000001100011010010110011011111001011000110101001100110101011001100101101001000001111010110100101000011110000000000111111010101011001110010011001100101010101111101101100011111111111010111101010000000011001111011011110011011001101100100101010011011000001010011011001111111100110011
101010101010010110101100001110101100010100111010001110010101101010100000110000110011001101010011101000100000011010101010101001100001111001111000011101011111001110001010000110000110000001110100000000000100110011101011111111111110011001011000000011101010101111110000000011101011111100
0000001100001010100110010000000001101111001101010011111100001111110010101100110101001011111011001101100100100001111010101100000000010010000000011110101001101011010110001011001101010011001000010011100101010100101101010010000010100011001100110011111001101010010110011001100000001100001100101000110101110000111100
10101010010111001100000011111111111111111010000010100101000010010000011010101010101000001100000010111001111111110011111011000110110110000111111100111001011100011000000000000010101001101001100000100101011010010101010110100100111100
10011010000001011111100111000101000010101100101000000011110010011100111111001010110011110110011111100111100010111110000010110100000001111000110101000001100001101010000000011000011011010011001101011001111111111000011111101101010110011000110101001101010110101011110000001101100000110010010011001100001111001100111010
1100001111110101011011001001110010011001111111100000011001101011100101001101111110001010011100100111010100100001010100111000111010001111000110110010100000110000111100111101011001110010100000111110011111010110101001
110001101100111101101010011001100011000010101001001101010101111000000001100110000000110111100111100110001011100010100110110001111110011100111111100001111111001110010100101110101001100110100111001111001110011111010100000101111110010101011011001100110001100110000010010101
01010000111100111010000001100101100100110000110000110101001100100110011100101011001000000000011010110101111001110011100101010010011010100110101011000110101100101010011110010011111000000110000010101010100110101010011010101000000101100100111100111100000011010111110101110001100110
10100011001100001111011001010011111111111010110000000110001111110011101000110000000101011001100001110101111111100000000000011000011001101010110110011110101010100001010101011000010011110010100000101011111001001110011010110000000110110011001010111100110011110000001100110010100011001110101100
1010000010011010111100111010001110101111101000111111110011111010110000001111011000110000010110011001001101010100101011000001010010110011001111110010000010100110011010111110110000010101010110011110000100101010011010001111110011111101010011110000000011110000110011000001011001001111000110110011000000
010110101100100101100110010100000011000001011001010111001001011010011010101001100000011100100110101000000001001000000110110001101100011010100000110000001010101001110100011011000110101010100111111000000111100011000110011110001100111001100101101010011000000110111101011111110000110011010100111111101000111010101011000101100110101001
00001100011011000000001100110011100111111111101000001111010100000101010111111111100101010110111111110101100101010101111000010100011001101101010111111111100010110010011010100001001001111110011111110100110110101010011010101000111010000001011010010111110011011010100011010111001100100101010000000000111001
11000000000000111100000000111100100110100011001110011001110011111001110000110101111111100111111010100110000000010100101110010101111001111001111110001010011110010011001001100110000001111110101111100110101010100111100001110101001010100111110000110011110000010100110101001111110110001101011100001111000000010110100000100110100101101011110011
101000001010111111110011001101011010101010010110110011001010110010011001011011111111001111001010101101011000011110010010011110011000000110011000000100110101010111110100101000000000101001100000101101000110000000001011010111101100000001100101101111110011111111001110100101001100001111110010100101110001010011111100111001010100111100
10010000110010101001011001101001001100110011110000001010110011111100100100110000001111110000010111110011000000111111111110011111111010110100000110011001001010111001001110000000011111110100101001100110000111100100000101001100000011111111000000001101100110001110010011111101010011100100000110100101100011
010111001111111101101100010110101001110010101010010101101111111110100110010100001010010110011100001111111001100011000111001001100001100011011110011101010101001001111000000110010101100101000111010000000110110010100111100111100000011111110010110001100111011100011011000011101011000000000001101010010101101100011011000110011010100101000000000011101000111010
0101110010101100110000000000100100001111010100001010100110101100110011011001100110000110101011011000000101010101001010100000011100100001010010100001001100110101000110111100001100111111110011011000110000000010101100001111001111001100111111
10101100010111110011010100110101001101101001010101101111011011001100000001010011110001100000101000000101110010011110101100110100011100100110101000000000011101010100011000010101100111101101111101001010101010000010011111001110010110111110100011101011001010110000111001001111000011100110101010
10011010000001100101001101100011010111110000000110011110101001101100011001111111010110000001100000000001100100111111001110001011010110001101001111001111110011011000000000110010100101110000110011101000111100110011111111001110100000010110100011
10011010111110100011100101011100010100111010101010101001011001010011000000001010011001110010011101010100011010111001111101010011010001110101001100100110000010111000011101001100011010101011100000001100011010110000000110010110101010010100001100100111001001111100000000111110011100110001100110
01011111101010101100111101011100001100111100110000111001001101101111100101100011101010010000001100111111011000111010110000001010101001110101100000000110110100101011001011000001100100110100110101000000011111111111100111110100000011011000000010111110000010100110101011110010011100011010010101110001010101111101100000001111000101111101011100101001100000001100000000111101010000
10100000111111110011111100000011101011001111010100111111111110011000101110011001010110000001001101000110110000010010011111110101001100101010110110000000110100100001010110000111100110000110110010100111010000101011110101110000001111111110010110010111110101111111001111110000000101100110101001001100110011
110011000011001100001001010101011111111101011010111100001001010100110101010101011001011010010011100001110101001101010011111010110101111111101011100001100111010001111111010100110100000010101010101100110011010010110011000110001100111010010100111001001101011100011011001111001101011111001101100011101011001111
101000111111100101011010010100110101001111000101011000110011110010011100000011111001001110010011100110011110011111111110000101001010000110001101100010100001001101000111001110011110110010100110001100101000111010000011111100101011110011110010100011001110010011000001010110
010110011010101001010101110011000101100100110011101000110011001111110011101011001100011001011010101010101010101001100110101001110010101100100001001110011000000100110010110101001011001010110101001101011111001010111000011001101101001010110010100011100101101001100100111111000011000000001111000101010101101111001100001100
1010001101100110010110011100001100110000010110101100101011000000101000001111110001100011111101101111010111111100000010011000011100111000000000000111100101010100110001101101001101001011111111100111100101000110000110011000011000010101111001110101111010111000110011010010011001000011111010111101011010110011000110000001100101110010011010011000000101111110100011
0011101010100011010100110101011011111111110011001010101011110101010100111100100100110110111111111010100101011010100000011001010001111111100100100111010110000111010011001011100000010011001101001011010001100110010101111100110011111100110101101011000000001100110011101001011100100110100101100101011111111111000110
001111001100011011001010000001011010101000000000111110101010101111110100011010111111001011000110000111111001100100110011100101000111100101001011111101001010110010101101010000010100101100100110101110011001010110010001011111101000001100111110010011011011110000111101010000010100001111101010101001
00000110001100110101100101011111110010101010110000000110011001110100110110011000110000010100011010111110110001101011111110010010110001110101111101001011111101000000101100111001001010110001011010011010010000001111000011001110100011100100000101110001011001001100001100001111110011
1111110011110101010111001001100100110101000000111001100111000110110000011001100001110010000100100000011001101011010000001011010110000110000010101101111100100001100001111111100011101000001001011001100000100111111111110001101100101000001100010100001010100111001010010110101010001110010011
1111101010101100011000110000011011001001001100001111101001101100010101101010110001011100111110010000001101100111100010101010000111111000000111101100011000011111100110010010000010111110011100100000011101010101001011101010100101000001011111110001100101001110101010111111110011001111111111001110010011010100000110100111001001
1100101001101100000011000011110011110011010100111010101010010101110000110011001111001010110011000011010110010100000101000110101101010100000111111110101110001011010100101010000101010010101010101010101110010100101010110100011010101000111010011000000110011010100011011001010000110010101001010111110101111111111001101011110110
0011001100111010100100000000000000111001100101011100100110010101101001011111110000111100101011000000110011011110101000010011001001111110011110001101100101011110101111100110101110011000110100100001010100101100101010011001010101110010100101111111001100100110011010001111111111001101101001001100110000
101001100101001100000110111111111010101010101010000011001111000010101100111110100110001100110000001111001100000100111001010100110100101111101011010000000111010110000111100001100110110000111110101111001111000110101011111100001100001010110010101001101001011100110000110101100111001001
110001010101010101010101001111110110110010101001111100000000110001011110101100101101001000000111010111101100101001111110011110010101100011001011100100111111001111111111100011011001100101010111000000101000001100000011111010000001101100110000110110011010011001110011111100110011001001
1100110010100000010100110011110011000000101000110110000010010000111110010000110001101111110010010011110011011111001000010101111110001100011010110010011101011000110110011001100010100000110011001011111001100000011001111111100101000111100101010100110000000111101001110010100011010110011111111100111010110001010101000000110101111101011111101001010000001101011010
11001010001111110011000011111100000011000011000011000110010101101010110000001100111110101110011110010011001001110010011011011110110101010010011011011111100110011111100000000111100011010011100110011000000011000111100001111001010000010011001101101010101111001100110000110000110101111101101111111101101100101010100011000010101100
10101100001100001111010111000110000011001001000000001001010000000110000000011111111110011000000001101100000101001011001001111111100110010000111001110000110011100101101111000011001111111111000101111101011010101010011001010101100110
111111111100100111000000101000111111011011110000001101011100110000111001010110010011011110011001001110010011100111110010000000010100101111100111100111101101010000000111100011000110000101001101011100110011111001000000110101100101011100001110011111111100111010001100001100110011111100
000010101010110001011010000011000110001101010011110010010000111001100110011001111000000101011000101111110010011110010011111110010101100001111001100011000001111010110010101000011110011110000111111111110010110101011100000000010100001100011010011010101010101010111101011100111110101111011010100101111110101111100100110011
10010000000010101010001100110000101001101001011111000101100110011001011000111001000010100011001101101001111110001100000111101011001100111111010011000111100000010100000001100010011011010101111001101011110101110010100101010111110110010101011001101000110011010101101001000000100101100100111001001111111010000000001001
10100000010111000011011010010101101001101100000100001001000011001010101010011010100100111100111100111001011011110000100111110101100100000101111100110101111011001010000010110101100111101100000001100001001011010100000110011111111101000111010010111000011101010100101101011111111001111000011010110010000101000111111011000110000000101101010
11000000111111000110001101100000001111110101101001011010111111000101010110001100010111001011001101011110101010100110101100101101111101010011001010111000000001111000101011101011111110011000101011101010100011010101101010101001101111011011110000110001001001110010011100000010010011110001010000001110011001
1010101010100000000000110110101000001111000011001100101011101100111100110110010110010110101000110110111100000011010100111100010100110000110011110101110000001010000010010000101110000001100101011110101100111000000110011111111000000111111101010011010010111110101000010011111001101101010101011110011011011001010101001011100011011001100010111001010
111100001111010110101010000000110110001110100101011011001001100101111100010111001010011000111001111101010101010110010101001111110110011010010110111111111111001100111010001110010011000000011111100101000000000101011111010110000001010010111110000110000000011100111000110001110101100110000000011000010011100010100001111010110010000110001011100110001011010110001011110
01011010100111111010010110100110001110101010110010101010111101101010110000111010001110101100011010100000101010110010101101111111001001111111001010110011001000001100011101001010011000011001111001100001100000011001001000011110011011001010101010110100110011011010010110010101010000110000000011101010011001000001010000111111111010010111001100000001010101001101100000
110010011100100111111100011000111010010110011100110010010101000011001111101010101100110010100000001101100011001111000000101000110111110001011100010110100000111100001010010100000011111100110101010100000101001110000110101001100000011001111110011010111110101001111110110110000110101001100111001111100000011111101101100011011110011010111110110110011001111110011110101110010011111001100001010
001110011001111110100110110000110101010100111100110011110011001101011010110010101100010110101100101001011111101011001001111111111010111111000001001001110011100111111110101000001011100000000111111101011001001011010011111110010010011011010010011010101011001101001100101101001010110111100111001010101010011010111100110
0110001101011001010111110111001111001001011010011010101011000011100111111100011000110000010101010011111111101011001010101100011110000111111010100111111111100111100010100001010101010101100110010101100011100111110000111110011010001110101111000011111100111100000011011001101000010111110110000010101010
1010101000110000110001101010010100000011010111110011110001001011100001111111001010100110000001110101001000000001010000000000101111100111010000000110011110001011001100111111110110100100001011101011111001000011001010001101010110001111001010111100000011111111110101
111100000000110011001100110001100000001110011100111100111010100010010110111111000011000010010011010100101010110000010010101100110100101110001010101101011111010111110011100110010101010001100000011000010100101000001100000101010011111110010010011110011000110010101100011
011011000101111100000101011000111001011010010110010000000110110001101010101001011100010110100011101010100110011010100110011000001111000011001010001101100000101011001001110010101100000010110100000011000001100001101011100111101011001010111110000110010100101001110101001000001011100000000110000101001100011001110100011001110100110011011110110001101001001
11001111101000001111011001100000000010101100001111001001101001010110001100110101010100110101110001010110001101100011011010101100010111000011010100111111011010011010011110001011111011000110101110010101111000011000011110011000011101010100011001110100101001110010110110000000110101000111010101000110011100110010101011010011100110011001111001100111001101000000000
00110110010110100110010110010000001100111100110010100011110001100110101000110101000000111100101010010000000000001100001101101010100111001111110000011111010111100111111000000111010001100111100011011111010100110101001101010100101011010100101101001011100010100001100101001101111111111001100001001010101110001100011001100111001001101011100
01100011001100110110011010011111101011111010100111110000100111111111001110000000000101010011100001100000000111110010110001100110101011000000011100100001111011011000101111110011111111111110011000011001100100110010011111101101111101011110011001110100000
0011111101100000001100001111011001100000010110011100000101011000101101010101001111111000011001100000011001101010011010110011010010100110101101000111100001101011111001101100000001100000110000000001001101001011111101000001100001100000011
001110011010000100001001101011001111011010101100110000001100101010011100010101100011001111001001111111000000001111000011001110011111010110100000010101111110101101010100110110011000110110010100000101000001010000010100101100101100110101010010101000010011100101000110000110010010011110010101111110011001010001100000101100111111111
00001111101000001111010100111111000011001111111100000101011001100000001110100000011100111001111000000001001000000111100101010101001110011110011000000111100110001100110100110100101111110011111010110101001110001010101010101101010011000111101001110101010110010101010011000110011
0011111111000011000010101010010100000011001101010100000010110101100010101011100100101011010110001010101100110010011000001101111000010101111100110010101000111110100101110000110110011000110101100110100011111111111111100110010101001100001001110011111111
010100000011001101010000011011110110101010100101010111001010111111110110010101010000000000000110110010100001111110011110000001111001010010110100101000011111010101011111100101011001111110010011100110010101010110001100000000000110000000000001010110001011100000101000001111001110101001100100110101110010100011110001010101111111000011000010101011001100000101110010101001
0011001110011111011011111100110000000101001101101010110010010101101000110101001100110110001110011001111011011000011000000001111111111001001100100110110000001100110001110010011110001010011100100110101001101111111110011001001010101100101110111110100000010101011001111100111100110001100011101011000110010100110101110001011001101010100011110101011111
111111010101011010010011100101010101101011111001001100111100001100111100011010101100101010101011010000001100000011000110101000011110110000001010000010111111111111101010000111111000011110001100011101001010101000011001111100101001101010110000111100110000000101111110101001000010100101111110011100011000001001110000110011111100111111
100100111010100101011100001101101010110000111010011000110101001111111100001101011100101000001111110000110000101101010100001101000001111101000110000001110011010011000001100101000001100111101101010000011110000110000110000001111000000111110100000010111110110110110000001100100100111111100100111011111110011111110011001001000011000011111100001001
11111100101000001111001111001111011000110101000000110011101000110000010110101001011010001100101000000001111101011110011000010101001011001010101111101011001111101011111101000111111011001010000001110101001010100001100011011001101111011011000011110000110011110001100000010111111001101000111111
1001100100000011100111111111011010010011110001010000011011001100001110100111000000111001001100000011000000110101100101010110010110101111001101010000101000111001101000110110011001110100011100100110000110010011010100110010011001110011010001110100101000000000000010111001001010100111100101011111100110011000101111110100101101011000000010100001111
1111000000001010011010100101110010100000100101101001101000001100010111001101110010101010011111110101010111110010011001100001111111110101010010100110101110000110011110000110000110000001111001100001100111100000011010111001001010111001001010000010100110100110100000111110100110001100111100111110100101011010100000001110011010001101010011
0110100111110000010111101001100110101010001111110011010110000110101011001101001110000000000110001010110000000111111010100110000101001100000110001100000000001011010010101011010101011011111010110001101010100100110000000010100011111101101010010111111001001111110101001111110110
1010100101101010010111001001011011000000001111110000000011110101010100111100101010001010110010101010110011001010000100111110011110001011001000010011111100111111111001101010000011000110110100110101100101000011110011110011001010101001010000101010010000001111000111000001011001000001101100110001101111
1100001110100101001111001010101000111111010000111001010110011010101010101001001111000110010100011000101010101100101000001010110001110101001101001011100100110101100011000000101010101011010110011001100110011111010000001011111111110101100100101100101000011110011010111111010
0000011011111110110000000011101000110011000011001010101011001001110011000110101000110000111101010110011001101010101011000101111001100110011111100001001011011001111101000111111101001100101001111001010101011001111000010101010101001101111111110011001110011001001010101100000010100000101101010101111
1111001111111001011001100000001111001100110001101010101011111010010001011101111110000111111010100110110011001100110101011000000000011000110001100111010111110100110101000000000110111111111001110001100110100111111010010100001010100111001111011010100000110001101001
1010001100110101101000000110100111000011000001100101100101011010101001010110110011000110101001011111100010111000011000001100101101011000011100101010101010100111001111100111111101001011010001101100000000010011010001110101100011010011100010100110000010111111100
11000011001111000000110001101010110001011001111100110101001110011111000010100101000000110011000011110101110000110011110010010000011110000110011111101011001011000000000101001011100100101101100001100111001001110101100011000111010011011001111001101010101110000000000101000001010100100001100000001010011010110010101110000111001
0000101000001010110000000110110001100011001110100101000011001111111100111100100110101100001111000000011010100101110000110101001100000110000000111101100011011010101010100111111110011110011011000001111010111000101000001101010100111000110000011000000101010100101110001010000100101011111110011000000101010101111
1100010111100000110011110011011001010101001100000101100111001100101010010110101001101001110101010010000001100111100001100110011101011001100100111111010110001010011011001111100110001011001001100111010110011000011111110101010101000110000000001101010000000001111
100101101010000011110000101000000011110011001010001100110110011001111000110011000111100000000111010110011001100001100111110010110100011101000110110100101101010101000111100100111001001101000111010000000111010101010100011000001010101000000110011
1010101001100101101010011011111101011001110010011100000000111100110000000000000011000101010101110101001000000111010111111110011111101010000111101101010101001100000110001011100110001010010001011011001010101010101010001100110110100110100000110000001010101010110110001110101010101011001010
100100110000101011110101000000111111100101011000111110100110001110111110011111110100101010101101001010100000011111101011100110011000011011001010101011010010000000000000101100100110011110000000110010111000011011010011001101011111100
011000110011111111110111001111000000010101100011101000001111111101101111101000111001101001011010110101011000101001111110011000000110011111111001100001111000101110011111010010111000011111000111010011001100011010101010000011001011001100100011001111100101011001010110010011100110101111101001101010111101100110
0000111111001001101010101111101011111010100111110011010001111001110000001101100110001011100011001011010010100001010110000110110000011111111110010010101110011111111011011111001101000110010011010111001010001111111111100001011111101010010101101000001111111111110011101011111010110010100101001110010110
01100011000010101100010110011100001110101111101000111100000010010011001110101010011000110101010111111100010111001001010111111010101010110100000011000001111110010100000111111111111101011001100110011000011010110100000101011001010010100000011011001100110001111000011110001101010110001011100
0011010110011010001101101111100110100011001100000110100101100011011000110101110010100000111110101100011101000001111001100111100101000111010011011001100011011001111001111001001000010011001001110100110010110010101010100111010011000110101111100100100101000001010011010100000011000010101100010110010110001110101111010101010000000010101100010100110000
11000110101010101111111111001111100100110000001111000000110011000000001101100000110010011100000010101010110001010101100100111100000000000101111100001100001111101010000110000001110101011110000110011000011110000111111101010010000011011111010110010011010000000111111110001011100100111000011001111110000110000110011011011000011110011000011010111001010
000001100101100111110101100101101100000011000101000001011010100110010011011011100110010100000011101010100101111101010110110011111000000110000111100001111000000111101010110100110101100111101010110101010011111110000000101111111110011110010100011011010101100000010101001111110010110101011000101
1111000011000110100111000101010110010000011000111111110000111100000001100011100100110010000111110010110110010100110110011001010001100000101010100001111011000000011111100111111110011110011101000111111000010100110000000001001001111110000101001100101000000000110011000110111
0011110010011001001100110000101011000011110010100011000000110000101001001101001110011000000100101011010101011110110101001001001010100000011100111000011001110000100110010110011100011000111111110000111001001110101100000000001001011010100011
101010101100101000111100001110010011001110011111000011001111100100000000010100000011110001011001101000111010001111110011100100111011001111111111010101000110011010110011100110001011010010110010110001100111111110010011001100110011100101011001100001100110000010101101111010101011010100110100110
0110000000000110011010011100100110010011110010111001100011010100101101000110000100111001010111100001101001111111100110001100011101010101010110010101011111100110101100011000110000110011111010001100111111001111110000110011110110
000011001001011000000101110011110000000001010011111100110101101010011001010110101100000011110101001110011111001101011100101010100101011001011111111111111100111110101111101001010110110111110011001100101010011110010101100011000111100001101101111011011001100011000111001001110101100000011000110000011000000101001100011000001010110010101010000010111001111
