453253054321554242000146 100101011010101011000101100011010001101101100010100010000000000000100110
145657134605343405112654 001100101110101111001011100110000101011100011100000101001001010110101100
320520615556300261512543 011010000101010000110001101101101110011000000010110001101001010101100011
243115764730512366442261 010100011001001101111110100111011000101001010011110110100100010010110001
427272407342657430454617 100010111010111010100000111011100010110101111100011000100101100110001111
424344733157442435060316 100010100011100100111011011001101111100100010100011101000110000011001110
224445657732222730001032 010010100100100101110101111111010010010010010111011000000000001000011010
363367736226741441236271 011110011011110111111011110010010110111100001100100001010011110010111001
535637552053313742336336 101011101110011111101101010000101011011001011111100010011011110011011110
247757745231051133221225 010100111111101111111100101010011001000101001001011011010010001010010101
333125532520723203313452 011011011001010101101011010101010000111010011010000011011001011100101010
552773544415324010116436 101101010111111011101100100100001101011010100000001000001001110100011110
350643775373124533311363 011101000110100011111111101011111011001010100101011011011001001011110011
336672470771323362412313 011011110110111010100111000111111001011010011011110010100001010011001011
427742217203304444413444 100010111111100010010001111010000011011000100100100100100001011100100100
237440475466073610321622 010011111100100000100111101100110101000111011110001000011010001110010010
215553633643223230252335 010001101101101011110011011110100011010010011010011000010101010011011101
744274055205722462267124 111100100010111100000101101010000101111010010100110010010110111001010100
316553275172126135270046 011001110101101011010111101001111010001010110001011101010111000000100110
757577571356524664411343 111101111101111111101111001011101110101010100110110100100001001011100011
344674345441320412362256 011100100110111100011100101100100001011010000100001010011110010010101110
235614404523341525434135 010011101110001100100000100101010011011100001101010101100011100001011101
113264645625643056321252 001001011010110100110100101110010101110100011000101110011010001010101010
113124075745451342322404 001001011001010100000111101111100101100101001011100010011010010100000100
332132042674252353223347 011011010001011010000100010110111100010101001011101011010010011011100111
502457334122354611120232 101000010100101111011011100001010010011101100110001001001010000010011010
445457564665753024433335 100100101100101111101110100110110101111101011000010100100011011011011101
733643415167564060023646 111011011110100011100001101001110111101110100000110000000010011110100110
526051715575706042252244 101010110000101100111001101101111101111000110000100010010101010010100100
641747546405360134423434 110100001111100111101100110100000101011110000001011100100010011100011100
